66
343.0,4.0
380.0,4.0
380.0,38.0
343.0,38.0
380.0,38.0
380.0,4.0
418.0,4.0
418.0,38.0
380.0,38.0
418.0,38.0
418.0,5.0
455.0,5.0
455.0,38.0
418.0,38.0
418.0,38.0
455.0,4.0
492.0,4.0
492.0,37.0
455.0,38.0
492.0,38.0
342.0,38.0
380.0,38.0
380.0,72.0
342.0,72.0
380.0,72.0
380.0,38.0
418.0,38.0
418.0,72.0
380.0,72.0
418.0,38.0
418.0,38.0
492.0,38.0
492.0,72.0
418.0,72.0
418.0,72.0
492.0,72.0
492.0,4.0
537.0,4.0
537.0,72.0
492.0,72.0
537.0,72.0
537.0,4.0
572.0,4.0
572.0,33.0
537.0,33.0
572.0,33.0
537.0,33.0
572.0,33.0
572.0,72.0
537.0,72.0
572.0,72.0
572.0,4.0
606.0,4.0
606.0,42.0
572.0,42.0
572.0,42.0
606.0,4.0
646.0,4.0
646.0,42.0
606.0,42.0
606.0,42.0
572.0,42.0
626.0,42.0
626.0,84.0
572.0,72.0
572.0,72.0
