50
4.0,4.0
37.0,4.0
38.0,53.0
4.0,53.0
38.0,53.0
38.0,4.0
82.0,4.0
82.0,38.0
38.0,38.0
82.0,38.0
82.0,4.0
116.0,4.0
118.0,45.0
82.0,45.0
118.0,45.0
117.0,4.0
154.0,4.0
154.0,45.0
117.0,45.0
117.0,45.0
154.0,4.0
177.0,4.0
177.0,45.0
154.0,45.0
154.0,45.0
178.0,4.0
231.0,4.0
229.0,45.0
177.0,45.0
177.0,45.0
177.0,45.0
206.0,45.0
206.0,70.0
177.0,70.0
177.0,70.0
206.0,45.0
231.0,45.0
231.0,70.0
206.0,70.0
206.0,70.0
231.0,4.0
279.0,4.0
279.0,70.0
231.0,70.0
231.0,70.0
279.0,4.0
343.0,4.0
343.0,70.0
279.0,70.0
343.0,70.0
