130
4.0,4.0
37.0,4.0
38.0,53.0
4.0,53.0
38.0,53.0

140
38.0,4.0
82.0,4.0
82.0,38.0
38.0,38.0
82.0,38.0

141
82.0,4.0
116.0,4.0
118.0,45.0
82.0,45.0
118.0,45.0

142
117.0,4.0
154.0,4.0
154.0,45.0
117.0,45.0
117.0,45.0

178
154.0,4.0
177.0,4.0
177.0,45.0
154.0,45.0
154.0,45.0

stair
178.0,4.0
231.0,4.0
229.0,45.0
177.0,45.0
177.0,45.0

145
177.0,45.0
206.0,45.0
206.0,70.0
177.0,70.0
177.0,70.0

148
206.0,45.0
231.0,45.0
231.0,70.0
206.0,70.0
206.0,70.0

147
231.0,4.0
279.0,4.0
279.0,70.0
231.0,70.0
231.0,70.0

177
279.0,4.0
343.0,4.0
343.0,70.0
279.0,70.0
343.0,70.0

150B
343.0,4.0
380.0,4.0
380.0,38.0
343.0,38.0
380.0,38.0

150D
380.0,4.0
418.0,4.0
418.0,38.0
380.0,38.0
418.0,38.0

151
418.0,5.0
455.0,5.0
455.0,38.0
418.0,38.0
418.0,38.0

152
455.0,4.0
492.0,4.0
492.0,37.0
455.0,38.0
492.0,38.0

150A
342.0,38.0
380.0,38.0
380.0,72.0
342.0,72.0
380.0,72.0

150C
380.0,38.0
418.0,38.0
418.0,72.0
380.0,72.0
418.0,38.0

152A
418.0,38.0
492.0,38.0
492.0,72.0
418.0,72.0
418.0,72.0
492.0,72.0

153
492.0,4.0
537.0,4.0
537.0,72.0
492.0,72.0
537.0,72.0

157B
537.0,4.0
572.0,4.0
572.0,33.0
537.0,33.0
572.0,33.0

157A
537.0,33.0
572.0,33.0
572.0,72.0
537.0,72.0
572.0,72.0

158A
572.0,4.0
606.0,4.0
606.0,42.0
572.0,42.0
572.0,42.0

158B
606.0,4.0
646.0,4.0
646.0,42.0
606.0,42.0
606.0,42.0

159
572.0,42.0
626.0,42.0
626.0,84.0
572.0,72.0
572.0,72.0

