626.0,595.0
410.0,337.0
482.0,358.0
494.0,441.0176.0,118.0
126.0,122.057.0,54.0
583.0,85.0
224.0,606.081.0,446.0
80.0,422.0
361.0,421.084.0,328.0
338.0,317.0586.0,281.0
340.0,284.0
161.0,85.059.0,56.0
60.0,245.0
158.0,57.0
106.0,797.0
158.0,81.0

585.0,83.0
587.0,281.0
340.0,281.0
339.0,326.0
82.0,329.0

125.0,245.0
82.0,426.0
362.0,423.0
364.0,362.0339.0,97.0
336.0,236.0
316.0,151.0
346.0,99.0
351.0,210.0

259.0,212.0
135.0,459.0
259.0,265.051.0,12.0253.0,380.0
345.0,346.0
405.0,348.0
406.0,294.0
344.0,298.0

344.0,330.0
58.0,223.0
272.0,381.0
57.0,1.0270.0,328.0
271.0,423.0
279.0,420.0117.0,293.0
361.0,363.0
52.0,254.032.0,118.0154.0,654.0587.0,281.0631.0,271.0203.0,779.0196.0,246.0
220.0,72.0
61.0,56.0
60.0,243.0
158.0,56.0

82.0,424.0
271.0,427.0