138
4.0,54.0
50.0,54.0
50.0,82.0
4.0,82.0
50.0,82.0

137
4.0,82.0
50.0,82.0
50.0,118.0
4.0,118.0
50.0,118.0

136
4.0,118.0
50.0,118.0
50.0,150.0
4.0,150.0
50.0,118.0

135
5.0,150.0
50.0,150.0
50.0,180.0
3.0,180.0
50.0,180.0

133
4.0,181.0
50.0,181.0
50.0,218.0
5.0,218.0
50.0,182.0

132
5.0,218.0
50.0,218.0
50.0,252.0
3.0,252.0
49.0,252.0

131
4.0,252.0
50.0,252.0
50.0,284.0
4.0,284.0
50.0,284.0

130A
50.0,259.0
69.0,259.0
69.0,284.0
50.0,284.0
69.0,259.0

130
4.0,284.0
69.0,284.0
69.0,342.0
4.0,342.0
69.0,284.0

128
4.0,344.0
69.0,344.0
69.0,372.0
4.0,384.0
69.0,344.0

126
6.0,384.0
69.0,384.0
69.0,426.0
5.0,426.0
69.0,426.0

stair2
4.0,426.0
69.0,426.0
69.0,458.0
4.0,458.0
69.0,426.0

