104A
115.0,98.0
211.0,98.0
233.0,166.0
115.0,166.0
115.0,98.0

104B
115.0,166.0
233.0,166.0
233.0,234.0
124.0,234.0
124.0,234.0

172A
211.0,87.0
233.0,87.0
233.0,119.0
211.0,120.0
211.0,87.0

172B
233.0,87.0
255.0,87.0
255.0,119.0
233.0,119.0
233.0,87.0

103
233.0,119.0
347.0,98.0
347.0,234.0
233.0,234.0
347.0,98.0

153
347.0,98.0
423.0,98.0
423.0,166.0
347.0,166.0
347.0,98.0

154
423.0,98.0
457.0,98.0
457.0,166.0
423.0,166.0
423.0,98.0

155
457.0,98.0
504.0,98.0
504.0,166.0
457.0,166.0
502.0,98.0

162
504.0,98.0
540.0,98.0
540.0,137.0
504.0,137.0
540.0,137.0

163
504.0,137.0
540.0,137.0
540.0,166.0
504.0,166.0
540.0,137.0

160
540.0,98.0
574.0,98.0
574.0,123.0
540.0,123.0
574.0,98.0

161
540.0,123.0
574.0,123.0
574.0,166.0
540.0,166.0
574.0,123.0

